4    4422322445512245245532134313232636612544162142561414163541452144463223212251244641442632436654566415136452143421153322431233344411412412
3132   43443        4423511341421416622423263326465261144141265644361634326352656536124636432545116464261421641551311135455524543124431413341
343234       415235      35133426632622431625463161556246113254572135132267617762364261122613151554612514415416411412354354524224522521423442
312134421154452535544142 51256416532451556441314536612461531633743467175474616777315235631414541645246535266631435542211554242213115424211114
414432253551344224415344      324556454124544512644615162567254166226176612276217176553436446624332311145421653565156344251343451133551543412
44223335444253425425345155515  6643361161325433546316547554351427           46362166517442671213343342136321445525311511123331454124331453112
413444414325555422435255455325            2614465                 736745717     6326712712244347426151324653556543262163541251351511351444333
22215155414512115422425255244261536646633 64377   47566356121317362442516253677      41721433763357351311323133355633634541534222341422244241
12211541412544324431346612144623435654442       624773654514551526357426223414576345              7124664423513342253326535113114242343213434
4431223151523545421533461652341431631643675225747363515246433116124464411145712442564153762172715      53311331355625664116132225211251411533
324152321123154131322146365263165666425462515234337742226473546433137737562146173744224642672145156526       63161616331545265245355142413344
321411313422232214645635645142642112567673217267117261167635727154556343757227255716522425277541623144753575 51526215634415556513215255243312
525334233513531365662625465441213162263111341254411441252254375427623145212175253142521657612417746456435353 63311623611555326612111121541344
353425523512455644344324164152456545434217223325246727725743273773667213547654354166472513353521113264654525  4211454352262254665452342343252
4252552453354454562322624255454277542764465116451253333336265734868326878644446638114147267764457166335316343  523152362252611564545334242544
51333532344544412516644636323425111647625131456727261572424874254532767848438648443288656374165552541524474135 673243632315651114312543255252
13255144414564515623325244163612662354637463717371443722384666877487725573432526836788242471343333162344612552 642335514345252633421523244152
33221221331641663414134115354675116635667434463756722786538846535355663755434268436638425426225556155162562671 623223232355524434443455253353
43222551415362213214665555373565745346661367725572372638425848368888586322553686735746335243468166626572776713 731644362341242324165415451233
33242352431451156143135561471635771523544765217476734278476354722428726383587245524588525843327875353241357264 477217755314136455513444352135
53251522162414111525456413172636723724727233625853384262456652568575386328567644662683375724265658525524613617    454276352153651256112241345
53422535131456131161261666433517542272611464625267547445636473288637225284467337328548752545548432745216213375377 321761111455254445626412311
25143424536131516531331275234153441737522542835678885785384648664373645263753387445342558886733872855652526363675 277737322625523633663154545
22255433431461255662564571321737556242475275758562574286654678365852747345886588243255276558432688476432354632561 612417411343421545612252115
54455651242224325615365126522763761215284755882585685485357656366564873846375836355835455285372262388675422123777 625674473346224234246535122
23415234111146245261564774446466114753663347337747778263273267265246755585669862426535347722377534886287478717652 555526625154333462111531425
13214554212212121651522446237562332482448882667386465464342447767488845497436788437326454352327847667855453455557  76544676346135624453154545
545623544324311255357166235367743542775265656253232436286447555975984587389888469434962665852354222486665582267265 46756133335654615245541652
211364554653222364464532347222711368877788286366484726675597893438735779568736956498636584252354338383223244723146 52625663413313355114233663
455156254445432274373541237112117443735883376733246757384946766868765475989393495684594484426828785286862434826155 45555741722343444641536434
346634316413143673222564735653554475456772643564533995389563833964435739669844788646486337556886367655524773883327 71131731123155435423214531
213121314542423345432251212412668744457485786244994589688596536569655649885496848686749447674856382422888244877556   366577111713253222253641
66314636254315236641213557572762438456744765443553866873946747348344787765588846376936963835354894268235222284483247   3564235267113355424414
6321532266461356172345321164287378327566656829335659849359768557779594366743644858687586648638796932334528326626223336  652264712335523656356
34265111624454277447145627642537727467572237634477545893648866938485699434634984375386563466796685937868655652568625764 757467645152664516426
63642414436615333636121416445434823663238549476559933333345788754856754443489353677535874564676597383537764276773346854 256225541711431261423
54553421133167474543721465376542668464837985366357778534697777877667674567487854765637874837969976545322557322846376443 576445274142122514325
14362536152612511177537426623343763328348573459934437698573466557966847495974748986493394584948375638838377332456752862     63617252566213523
663562656133334146473412727286725237846894646749899343836395398759455479447565787777348774676845956869948347375352485344626 14253647736664316
453422456617462454247653372473242353866664439838389578497777586868789967864489877996558878755889838739355533375288468758547     2615623156241
1425535661764455533156485264237272238463867369666664498897686988548556457468799999777594754449465398949499555382245257821353564 3141576112122
5444625151267735521443344237836734368845874484474836764875978569947485875946875485756478677778493797378447828248664465584443225 3515313462422
6352561255245747736318725267847256577447397439983363678554549687557585644759557579999565699477756379685454873835526868276462732 7311356214336
1222436221642144564174248246555252758533583735876749976989644697694988688655455797685648999685568968578996947663356355287434133 7531421224631
2213651161344145442765637663262628974555344533339874896489476676947884449889566766599766845744934657449869789724848254785651133 4177146312351
6443116565553345724237727887358237335378597548835796775696978777489457459877887476649574494854685769343586936885633672563843473 2423616523142
4164162177412564423827228884444333598657983789869688889965464568477498695467567548768969578974486639649456953785724463472646477 2572126331324
2335323772367156136776345232535789983898379993995679875895549576676854585475978794798746474794977548485735649956333382752445574 5251312376452
4335161556657553616836682775562586433443658654679865887445648466585549855957599556459677868459979974386736567363623388375643731 1274645256363
2136431534633275726674767744677787875964389745958844776769464568786799567596979545957596469664899464689596598899248263288222277 6736414112552
3416133513627243553545372828559973647943745895645644569468478589996899967976889977948798899555879555988584845794847755228756274 4673347253565
3215664645376616776723345638566973384867366677695747999967479766858589795597678788655678959697967675989759859484556732753222755 5414113646234
2441477762317727133286348333247847648967464749554665986676978775975657697555879658575984954566449786653663557643396247732485261 7635632615514
4622166651223344464833728662545647855634389956656847767767695667658756997695597765998868796489888478469649334673556873264242763 7737573152642
5225716645636264682374838775656359639644546464867487695759669775775897968575788587597885975494495847575869646774649368633857272  411313743213
63134662714676528344757838248563389747457454484866785666796695766959999799799956976786874575944895985594735345463772545753623766 314423311155
66224734324347225627657364656373335894969899759784486556555587588799789878759987767867959596989896857757534866494777228373524435 141177375121
53423232747457442255427262683335355365675759775848899587978975755577899696899588978688678945779769766566548959575488278784555668 467622641543
64646152253257454656386542746499838939785497678856855998558576657659567985855797899955985669576888766957965378456466355444776876  13727251326
266556642535437255675564453365934559893978765959695487796796559556796579659656757956757988566865558749593477438893743284588245275 62174342653
334335131153763627543665453475764658736679549587599698688988559568869866666599959569877989695466885666848344449558538282432246666 31443514112
236621273133763456773826337789547973757546875594666586856899989865877666786865657595765886959768548455894645699973858757665283726 36262325274
541545771347433836736258678483575955786996794964879777556877969986998987766678978566895567766967578989794597373467335763432452228 33424633475
622457112521726566566573844599593973838755889698848559589669597868668767786798976698957695655846464987566743439775695667686483753   631454636
35414664626755338658872783644755869355678665568858896899785687799969767986869887659668986579869958769969965659339396535627732564844 665466334
15551555421116823768742858484585846668664945878989665656855657967876866878789968666655979768758478589655963643386975982283242274441  61445664
535622173631463558466774473534878584458685974648677769788668966896689988866797668988799558986687987746655763679533769336753657443344 13325644
262617331243366478277343554336856758385577766494766667777579887676797789798966899687696676896895549886456889333385735333858434547675 55145165
555265372227444563665467334466366898878495777985456889756778786867788899986776678669998656788668778555646543388897646542627664426756 47314154
63113676744775838668846677557986889369585954695795998996657969788869668899686798798798975957965778547546884588633947744558386458814  63744455
2615571257455736866348432476374855493856947955859676577688578799667697687886989768678765978887885696565465338474936675366528872382  343147337
2165627751366367776672772487675354478646497894497587589989756697999766978676677787859677799666944588896954854367964459475447267247 7523524644
2257215453221472247585837644856337548468755484998967885876969666678896897986669699776867566688974558967769766344479474356266676454 6757561621
1112644315241286587787887635433767574795499746597656979586586688787868969666898769797575667898668986465688856998595344726734866767 2451517235
3311327236471573274783674365759734658576767888844877985685969688988876768879789789699579675657785764694544775597378465723557677721 3315132351
5165323537646158867332222767374837446549756578679676556867955876966997688999899789585558968655644564984455954958354538554624365883 5436152175
4675613725621746758238665896575497938557984959465576876566778677769996879867967769875985795698674846696667475383455734442648683753 6261414665
3664422365333128235537368593756693698895699989785976766868789588878878776699997689575886775755899989887584378576957375788365838877 1552456645
2347571273635622745672333794765647986998598479499978799675765989968978969986999899796995685885955994475776448934934785375357378485 7466352666
1353112225771453887478284267554635778374445766598696857767759779799877787687996955576679595577979687894747748563388997624486558387 7766774237
413224161434642424265375529697355589674857686864979778856986989799898678766688986695955795867466767849758863963764695564235687477  5717466675
225232476535663374532845786464645797596568557757994586576856955956769868888689559765869968664896965467696376958566835222574268532 75243174412
526512271342171564657772533438888485383587579477784565957876556598988768668667889855557565977787689774593374598638496757378763365 23445675345
146132415152121385847363253335848399978475555694955696675567659869779758588977895876667699556589474796844883878539564477626446451 71375437632
315153472222442376233847626839544975855568948789859578555759588565889598569955996859598977678887994866498455639745568273656622783 57735255322
553673644143261627285643824853555987339456879957586986676875565987765685987877757976976899656699654678547786797958957657245484645 74315644371
445347145751316545325387854637445865484869874477679679785587778976577857756988787965876987645985795844975957884967853835486378364 55733632336
345463226571127676267734388774956844696995554995665959955669988665969865857699559878598868477677899956439738768759972575262568835 62232631746
355317432745651347248386322793467438583849599946848688456996965898579879556876665985867579655864588946486773584775325554784732521  5271543731
2362345312211557485463825787754538747699579845666968777556879569688899758995659986758799897877475754956398599363766284786388868655 6712533743
6522216672731313173375333724458853933645999464489895495495769599858679876798778786656697869869875769634493659656637636547863884765 7723325154
6114317411555442778263568354783534794645964767795769446758659599679776685888968979756569896474474974963675995984353852233452841651  677641244
41212411716635232138376436727249437597995886494586456797789857578656566656796856966978565694796496449954678897888475523244674227432 712522156
22556537325376654485225382563725975696784966455458458854767467549877958879996785587867789656656568487598969469783883736826533211643 321543156
23563431255664144275484663587567873534576934456594496796464684847985487799899486897449996949876949797895579538752288537445457241655 243324213
55536225623121347323874776285632756345357738839976464876486899795968654676468555768744744484446478648353359348722622225675474343421 672234635
42315637332531555463647763334533339989785565375549649685475697468558666566748588474594794894687884533889884574588684556677434521553 524164515
61434432136143613215457332877222365596756577983686497864965865794856447577855477469797476657969369598858356548254567383253737377617  16162231
333122235372626566416267383232738378346657966798837446747878556968449996696788996867675475954457839549936558825575677775223112673123 26526652
461342341114423634672322626368825885445957669747949969666788664989959754658687464565679566645987489889734546534587367325641213542444 75316163
224366663123165764724834447237352687557657575959468359985486568969855545894666874468746696438955644854745977727757375852765352557235 24561121
142622164615364162536726635855386326438538443745455778774456765666868448846997499786894546683684949354874777827826726865237137761167 53644646
651526455521342351137747782388462723586836533395498793867557556944894744896859844897954973734465997633794935748265373334465673365526  5544233
1545543143515251457227655336586253423364683848839963765546896467775579856644955766554747798946375675336663546733557683556711322764715 6435216
6363162521457674122317776562264638853637947445375688744497597884846776689667868666338544858647639847776422833466682528454117134177572  452114
43626561246236277656372628365727223378376734633745856558773784474947778584767675588478767777634458365935737426665487586467211232467343 144455
61513132524776612235663175238423256228576949474659396397458666383953963339646974793787574797954583658572674866572523322544136627546753 142461
24335541215326335124114156466887478224328653964775833693338987344977456956683538436399383936538748359585376343237223613231352375542445 532322
22556166162262227113732376564423523557645668454994756938799334578939396476947934443389536759437863976874543342634726227457361242322354 411266
662136122114136623563517733537678678778786242433689887583886359873889897686756773797489433894984686476876576283647473312375446567423   256451
113314361231665133764245634413475825482787674436735463683538985735986735687377835989695956993785883743873222454253457364734613323642 62254115
346664544153226562324461214227557547624233678785699467533475564467583949877653455379887749977572432364446724786226515115711356421415 43421542
313643636431213343262115354223558522764422647543673987679698468376933948637837959488489499466382835888288538763271574731142564524663 12651544
453615436135416267426425131267176328883876486748364285679376436463834867774446458655863484776253286337737653757143272125227273435213 25363264
535243656633353137766257467627437328228324226782822247986369953559785535988389956566749695742684247634623362752361752741711346266625 41213161
325221435355352641315654734215623585647543872456383763443757889376984553996676797545376357728875528333584457267112273477115756411553  4445445
2315244653426623326113272116754662174524237887744723447642586757779495973659499659675553423655225647366834451367167723643774456665655 1611354
1453455452464231152227472534273657263742425348526277542574338247886388343538962454723438675724785742754352432322442445132736626141626 1454341
5312222462525331334416622271443766131136823776348584758457742737262225428248584267527747336777545664854485747645317435146344344624566 4364554
1454521545224166656112463436333465731378754526222672747325736882868325384655667226282572327865678277464844162221642576566225651611533   32122
125254131231236151131271146464451475222116244682864586526577554377737387667664757484368866263874335778152447571253652476262535642352466  4531
5544214565522523622653323236241161137414234374486325683456367386572866547634436837635228538465426684412233432176735117615426455541616355  342
14452415214221533154622541636757556747243462565686772785842644242734833226723682378263565747775845472261624231745464725666513524244334242 511
35551441146162113666165336643416445541472531167665362266375247583837754852558764755552377345623287477273134342617765513515661416646445514 522
15125222245153642561543216363751411574715517766387427256578742267325763628233263588837734563324675645236371362546533443526243415462652431 545
42342414412326665353655126212524264727223177742117432484736387254343832746625875654877864456443222375615653442334541532353514431313141143  21
423445341235611333243534651162476464333464274654312273536348383274847266228324235374327737713326757261223642735424261664332526365555143115 24
223225351253211522323554361151664463553346667341715561771375633688754746326688327634657244337364474731743654337241521165166354444555443253 54
321255313442553355145313632533256575435672324551223342314775688223272635382774634411555446432651475246561654341634621431225235532342111432 45
432351344513112114641332256662666111412635366422541653411277345522335551214446274624764735755136764324566261526643452615644345515131122154 51
432525531224521344333546636321642532325673647374537434662734347552744427716223574623276557314333161127372122415464122431122526323442533511 21
221455341351134343413651624311566343536636131356354545622634714374667737326517536377616375422343431531326425511636424243244262133123242332 53
135414511354524244326653216664241636551711426751667414717171475516356147564363275241633215151737437714411365566132223615356545331452442141 21
232112255534312125144224256146534232554647275132231757636564517575323726325775673752745334535513675376615266643451436443423241345212144253 22
311343332212452414431356351265113626115356133665336336313525376665257341713721534244363574421332122645631125434466424634532234441535254533 41
332133315355113335444416652265133142166314523744552132755573131314266337173525354221325444632515264533626564524415424325415343533245543455 13
142311332145454511234234465234213522361551543566542176473272155624466613641675357245522555766353415624162413633222243451432323351413241122  4
1123234412153245434351111134344444214623364652242654527733465736335763271762117223754612622746556313546216212622342612623333552111354125222 3
1244321414414155142445343132114331442114116132652453437426756354271354113416263737376675132531526465312634516215655263133143413143432235211 1
4121311414125442524113514432342431536153514514412616225122622147744533317344235247577136535243343156563224553445346215154332212523425112214  
44132221412511113555511415121322651113546424641533512263334155367711713142517167631352554154112211136523444645463312253422333234255554321343 
