4   14422322445512245245532134313232636612544162142561414163541452144463223212251244641442632436654566415136452143421153322431233344411412412
313    4344    5    4423511341421416622423263326465261144141265644361634326352656536124636432545116464261421641551311135455524543124431413341
343234  1   24   35    2135133426632622431625463161556246113254572135    67617762364261122613151554612514415416411412354354524224522521423442
3121344   544525355441  35  56416532451556441314536612461531633743467 75  4616777315235631414541645246535266631435542211554242213115424211114
41443225355134422441534        2455645412454451264461516256725416622  766   76217176553436446624332311145421653565156344251343451133551543412
442233354442534254253451555152 66   6  61325433546316547554351427    363123    6  66517442671213343342136321445525311511123331454124331453112
413444414325555422435255455325    3       2614465212413764  51    736745717227    26712712244347426151324653556543262163541251351511351444333
22215155414512115422425255244261536646633 6437743147566356     736244251625367743    41721433763357351311323133355633634541534222341422244241
12211541412544324431346612144623435654442   11526247736545 4551526357426223414576345  3    35611127124664423513342253326535113114242343213434
4431223151523545421533461652341431631643675   747363515    33116124464411145712442564   76    71514311353311331355625664116132225211251411533
324152321123154131322146365263165666425462515    3774   6473546433137737562146173744224642672 45156526512141363161616331545265245355142413344
321411313422232214645635645142642112567673217267  7   167635727154556343757227255716522425277  1623144753575551526215634415556513215255243312
5253342335135313656626254654412131622631113412544   412522543754276231452121752531425216576124 7746456435353163311623611555326612111121541344
3534255235124556443443241641524565454342172233252467277257432737736672135476543541664725133535    3264654525124211454352262254665452342343252
4252552453354454562322624255454277542764465116451253333336265734868326878644446638114147267764457 6633531634332523152362252611564545334242544
5133353234454441251664463632342511164762513145672726157242487425453276784843864844328865637416555    5244741352673243632315651114312543255252
1325514441456451562332524416361266235463746371737144372238466687748772557343252683678824247134333316  446125522642335514345252633421523244152
33221221331641663414134115354675116635667434463756722786538846535355663755434268436638425426225556155 625626712623223232355524434443455253353
43222551415362213214665555373565745346661367725572372638425848368888586322553686735746335243468166626 727767132731644362341242324165415451233
33242352431451156143135561471635771523544765217476734278476354722428726383587245524588525843327875353  13572644477217755314136455513444352135
532515221624141115254564131726367237247272336258533842624566525685753863285676446626833757242656585255 46136171221454276352153651256112241345
534225351314561311612616664335175422726114646252675474456364732886372252844673373285487525455484327452 62133753772321761111455254445626412311
251434245361315165313312752341534417375225428356788857853846486643736452637533874453425588867338728556    63636751277737322625523633663154545
222554334314612556625645713217375562424752757585625742866546783658527473458865882432552765584326884764323 46325612612417411343421545612252115
544556512422243256153651265227637612152847558825856854853576563665648738463758363558354552853722623886754    37771625674473346224234246535122
234152341111462452615647744464661147536633473377477782632732672652467555856698624265353477223775348862874787 76526555526625154333462111531425
132145542122121216515224462375623324824488826673864654643424477674888454974367884373264543523278476678554534  5571276544676346135624453154545
5456235443243112553571662353677435427752656562532324362864475559759845873898884694349626658523542224866655822   65546756133335654615245541652
211364554653222364464532347222711368877788286366484726675597893438735779568736956498636584252354338383223244723    52625663413313355114233663
455156254445432274373541237112117443735883376733246757384946766868765475989393495684594484426828785286862434826155 45555741722343444641536434
346634316413143673222564735653554475456772643564533995389563833964435739669844788646486337556886367655524773883327 71131731123155435423214531
213121314542423345432251212412668744457485786244994589688596536569655649885496848686749447674856382422888244877556   366577111713253222253641
66314636254315236641213557572762438456744765443553866873946747348344787765588846376936963835354894268235222284483247   3564235267113355424414
6321532266461356172345321164287378327566656829335659849359768557779594366743644858687586648638796932334528326626223336 1652264712335523656356
3426511162445427744714562764253772746757223763447754589364886693848569943463498437538656346679668593786865565256862576  757467645152664516426
63642414436615333636121416445434823663238549476559933333345788754856754443489353677535874564676597383537764276773346854 256225541711431261423
54553421133167474543721465376542668464837985366357778534697777877667674567487854765637874837969976545322557322846376443 576445274142122514325
14362536152612511177537426623343763328348573459934437698573466557966847495974748986493394584948375638838377332456752862   1563617252566213523
6635626561333341464734127272867252378468946467498993438363953987594554794475657877773487746768459568699483473753524853446    4253647736664316
4534224566174624542476533724732423538666644398383895784977775868687899678644898779965588787558898387393555333752884687585471    2615623156241
1425535661764455533156485264237272238463867369666664498897686988548556457468799999777594754449465398949499555382245257821353564 3141576112122
5444625151267735521443344237836734368845874484474836764875978569947485875946875485756478677778493797378447828248664465584443225 3515313462422
635256125524574773631872526784725657744739743998336367855454968755758564475955757999956569947775637968545487383552686827646273  7311356214336
122243622164214456417424824655525275853358373587674997698964469769498868865545579768564899968556896857899694766335635528743413 17531421224631
221365116134414544276563766326262897455534453333987489648947667694788444988956676659976684574493465744986978972484825478565113 34177146312351
644311656555334572423772788735823733537859754883579677569697877748945745987788747664957449485468576934358693688563367256384347  2423616523142
4164162177412564423827228884444333598657983789869688889965464568477498695467567548768969578974486639649456953785724463472646477 2572126331324
2335323772367156136776345232535789983898379993995679875895549576676854585475978794798746474794977548485735649956333382752445574 5251312376452
433516155665755361683668277556258643344365865467986588744564846658554985595759955645967786845997997438673656736362338837564373  1274645256363
213643153463327572667476774467778787596438974595884477676946456878679956759697954595759646966489946468959659889924826328822227 26736414112552
341613351362724355354537282855997364794374589564564456946847858999689996797688997794879889955587955598858484579484775522875627 44673347253565
321566464537661677672334563856697338486736667769574799996747976685858979559767878865567895969796767598975985948455673275322275  5414113646234
2441477762317727133286348333247847648967464749554665986676978775975657697555879658575984954566449786653663557643396247732485261 7635632615514
4622166651223344464833728662545647855634389956656847767767695667658756997695597765998868796489888478469649334673556873264242763 7737573152642
5225716645636264682374838775656359639644546464867487695759669775775897968575788587597885975494495847575869646774649368633857272  411313743213
63134662714676528344757838248563389747457454484866785666796695766959999799799956976786874575944895985594735345463772545753623766 314423311155
66224734324347225627657364656373335894969899759784486556555587588799789878759987767867959596989896857757534866494777228373524435 141177375121
53423232747457442255427262683335355365675759775848899587978975755577899696899588978688678945779769766566548959575488278784555668  67622641543
646461522532574546563865427464998389397854976788568559985585766576595679858557978999559856695768887669579653784564663554447768763 13727251326
266556642535437255675564453365934559893978765959695487796796559556796579659656757956757988566865558749593477438893743284588245275 62174342653
334335131153763627543665453475764658736679549587599698688988559568869866666599959569877989695466885666848344449558538282432246666  1443514112
2366212731337634567738263377895479737575468755946665868568999898658776667868656575957658869597685484558946456999738587576652837261 6262325274
5415457713474338367362586784835759557869967949648797775568779699869989877666789785668955677669675789897945973734673357634324522282 3424633475
6224571125217265665665738445995939738387558896988485595896695978686687677867989766989576956558464649875667434397756956676864837533  631454636
35414664626755338658872783644755869355678665568858896899785687799969767986869887659668986579869958769969965659339396535627732564844 665466334
15551555421116823768742858484585846668664945878989665656855657967876866878789968666655979768758478589655963643386975982283242274441  61445664
535622173631463558466774473534878584458685974648677769788668966896689988866797668988799558986687987746655763679533769336753657443344 13325644
262617331243366478277343554336856758385577766494766667777579887676797789798966899687696676896895549886456889333385735333858434547675 55145165
55526537222744456366546733446636689887849577798545688975677878686778889998677667866999865678866877855564654338889764654262766442675  47314154
63113676744775838668846677557986889369585954695795998996657969788869668899686798798798975957965778547546884588633947744558386458814 363744455
2615571257455736866348432476374855493856947955859676577688578799667697687886989768678765978887885696565465338474936675366528872382  343147337
2165627751366367776672772487675354478646497894497587589989756697999766978676677787859677799666944588896954854367964459475447267247 7523524644
2257215453221472247585837644856337548468755484998967885876969666678896897986669699776867566688974558967769766344479474356266676454 6757561621
111264431524128658778788763543376757479549974659765697958658668878786896966689876979757566789866898646568885699859534472673486676  2451517235
331132723647157327478367436575973465857676788884487798568596968898887676887978978969957967565778576469454477559737846572355767772 33315132351
516532353764615886733222276737483744654975657867967655686795587696699768899989978958555896865564456498445595495835453855462436588 75436152175
467561372562174675823866589657549793855798495946557687656677867776999687986796776987598579569867484669666747538345573444264868375   261414665
3664422365333128235537368593756693698895699989785976766868789588878878776699997689575886775755899989887584378576957375788365838877  552456645
2347571273635622745672333794765647986998598479499978799675765989968978969986999899796995685885955994475776448934934785375357378485 7466352666
1353112225771453887478284267554635778374445766598696857767759779799877787687996955576679595577979687894747748563388997624486558387 7766774237
413224161434642424265375529697355589674857686864979778856986989799898678766688986695955795867466767849758863963764695564235687477  5717466675
225232476535663374532845786464645797596568557757994586576856955956769868888689559765869968664896965467696376958566835222574268532 75243174412
526512271342171564657772533438888485383587579477784565957876556598988768668667889855557565977787689774593374598638496757378763365   445675345
14613241515212138584736325333584839997847555569495569667556765986977975858897789587666769955658947479684488387853956447762644645117 375437632
31515347222244237623384762683954497585556894878985957855575958856588959856995599685959897767888799486649845563974556827365662278355 735255322
55367364414326162728564382485355598733945687995758698667687556598776568598787775797697689965669965467854778679795895765724548464537   5644371
4453471457513165453253878546374458654848698744776796797855877789765778577569887879658769876459857958449759578849678538354863783643557 3632336
3454632265711276762677343887749568446969955549956659599556699886659698658576995598785988684776778999564397387687599725752625688353622  631746
35531743274565134724838632279346743858384959994684868845699696589857987955687666598586757965586458894648677358477532555478473252151527 543731
23623453122115574854638257877545387476995798456669687775568795696888997589956599867587998978774757549563985993637662847863888686554671 533743
65222166727313131733753337244588539336459994644898954954957695998586798767987787866566978698698757696344936596566376365478638847653772    154
61143174115554427782635683547835347946459647677957694467586595996797766858889689797565698964744749749636759959843538522334528416511167764  44
412124117166352321383764367272494375979958864945864567977898575786565666567968569669785656947964964499546788978884755232446742274322712522 56
225565373253766544852253825637259756967849664554584588547674675498779588799967855878677896566565684875989694697838837368265332116431321543 56
235634312556641442754846635875678735345769344565944967964646848479854877998994868974499969498769497978955795387522885374454572416555243324  3
5553622562312134732387477628563275634535773883997646487648689979596865467646855576874474448444647864835335934872262222567547434342126722346 5
4231563733253155546364776333453333998978556537554964968547569746855866656674858847459479489468788453388988457458868455667743452155335241645 5
6143443213614361321545733287722236559675657798368649786496586579485644757785547746979747665796936959885835654825456738325373737761741161622  
33312223537262656641626738323273837834665796679883744674787855696844999669678899686767547595445783954993655882557567777522311267312332652665 
46134234111442363467232262636882588544595766974794996966678866498995975465868746456567956664598748988973454653458736732564121354244437531616 
2243666631231657647248344472373526875576575759594683599854865689698555458946668744687466964389556448547459777277573758527653525572354245611  
1426221646153641625367266358553863264385384437454557787744567656668684488469974997868945466836849493548747778278267268652371377611674536446 6
6515264555213423511377477823884627235868365333954987938675575569448947448968598448979549737344659976337949357482653733344656733655261355442 3
154554314351525145722765533658625342336468384883996376554689646777557985664495576655474779894637567533666354673355768355671132276471516435  6
636316252145767412231777656226463885363794744537568874449759788484677668966786866633854485864763984777642283346668252845411713417757232452 14
436265612462362776563726283657272233783767346337458565587737844749477785847676755884787677776344583659357374266654875864672112324673432144 55
61513132524776612235663175238423256228576949474659396397458666383953963339646974793787574797954583658572674866572523322544136627546753114  61
24335541215326335124114156466887478224328653964775833693338987344977456956683538436399383936538748359585376343237223613231352375542445253 322
2255616616226222711373237656442352355764566845499475693879933457893939647694793444338953675943786397687454334263472622745736124232235424  266
6621361221141366235635177335376786787787862424336898875838863598738898976867567737974894338949846864768765762836474733123754465674231212 6451
1133143612316651337642456344134758254827876744367354636835389857359867356873778359896959569937858837438732224542534573647346133236421622 4115
3466645441532265623244612142275575476242336787856994675334755644675839498776534553798877499775724323644467247862265151157113564214151434  542
31364363643121334326211535422355852276442264754367398767969846837693394863783795948848949946638283588828853876327157473114256452466311265 544
45361543613541626742642513126717632888387648674836428567937643646383486777444645865586348477625328633773765375714327212522727343521322536 264
53524365663335313776625746762743732822832422678282224798636995355978553598838995656674969574268424763462336275236175274171134626662514121  61
325221435355352641315654734215623585647543872456383763443757889376984553996676797545376357728875528333584457267112273477115756411553224445 45
231524465342662332611327211675466217452423788774472344764258675777949597365949965967555342365522564736683445136716772364377445666565541611 54
145345545246423115222747253427365726374242534852627754257433824788638834353896245472343867572478574275435243232244244513273662614162621454  1
5312222462525331334416622271443766131136823776348584758457742737262225428248584267527747336777545664854485747645317435146344344624566143645 4
1454521545224166656112463436333465731378754526222672747325736882868325384655667226282572327865678277464844162221642576566225651611533242321 2
1252541312312361511312711464644514752221162446828645865265775543777373876676647574843688662638743357781524475712536524762625356423524663245  
55442145655225236226533232362411611374142343744863256834563673865728665476344368376352285384654266844122334321767351176154264555416163551134 
14452415214221533154622541636757556747243462565686772785842644242734833226723682378263565747775845472261624231745464725666513524244334242551 
3555144114616211366616533664341644554147253116766536226637524758383775485255876475555237734562328747727313434261776551351566141664644551415  
1512522224515364256154321636375141157471551776638742725657874226732576362823326358883773456332467564523637136254653344352624341546265243135 5
4234241441232666535365512621252426472722317774211743248473638725434383274662587565487786445644322237561565344233454153235351443131314114311 1
423445341235611333243534651162476464333464274654312273536348383274847266228324235374327737713326757261223642735424261664332526365555143115  4
223225351253211522323554361151664463553346667341715561771375633688754746326688327634657244337364474731743654337241521165166354444555443253 54
321255313442553355145313632533256575435672324551223342314775688223272635382774634411555446432651475246561654341634621431225235532342111432 45
43235134451311211464133225666266611141263536642254165341127734552233555121444627462476473575513676432456626152664345261564434551513112215  51
43252553122452134433354663632164253232567364737453743466273434755274442771622357462327655731433316112737212241546412243112252632344253351 321
22145534135113434341365162431156634353663613135635454562263471437466773732651753637761637542234343153132642551163642424324426213312324233 253
13541451135452424432665321666424163655171142675166741471717147551635614756436327524163321515173743771441136556613222361535654533145244214  21
232112255534312125144224256146534232554647275132231757636564517575323726325775673752745334535513675376615266643451436443423241345212144253 22
311343332212452414431356351265113626115356133665336336313525376665257341713721534244363574421332122645631125434466424634532234441535254533 41
332133315355113335444416652265133142166314523744552132755573131314266337173525354221325444632515264533626564524415424325415343533245543455  3
1423113321454545112342344652342135223615515435665421764732721556244666136416753572455225557663534156241624136332222434514323233514132411221 4
1123234412153245434351111134344444214623364652242654527733465736335763271762117223754612622746556313546216212622342612623333552111354125222 3
1244321414414155142445343132114331442114116132652453437426756354271354113416263737376675132531526465312634516215655263133143413143432235211  
41213114141254425241135144323424315361535145144126162251226221477445333173442352475771365352433431565632245534453462151543322125234251122141 
44132221412511113555511415121322651113546424641533512263334155367711713142517167631352554154112211136523444645463312253422333234255554321343 
