4   14422322445512245245532134313232636612544162142561414163541452144463223212251244641442632436654566415136452143421153322431233344411412412
313    43443   5    4423511341421416622423263326465261144141265644361634326352656536124636432545116464261421641551311135455524543124431413341
343234       4   35   22135133426632622431625463161556246113254572135132267617762364261122613151554612514415416411412354354524224522521423442
31213442  54452535544    51256416532451556441314536612461531633743467175474616777315235631414541645246535266631435542211554242213115424211114
414432253551344224415344    31324556454124544512644615162567254166226176612276217176553436446624332311145421653565156344251343451133551543412
442233354442534254253451555    664336  613254335463165475543514271322363123246362166517442671213343342136321445525311511123331454124331453112
413444414325555422435255455325  46        2614465212413764215  423736745717227316326712712244347426151324653556543262163541251351511351444333
2221515541451211542242525524426    646633 6437743147566356     736244251625367743    41721433763357351311323133355633634541534222341422244241
12211541412544324431346612144623435654442    15262477365   455 526357426223414576 45  3    35611127124664423513342253326535113114242343213434
44312231515235454215334616523414316316436752  747363515  64331    446441114571    564   76  7271514311353311331355625664116132225211251411533
324152321123154131322146365263165666425462515    37742  647354643   7737562    737442246426    5156526512141363161616331545265245355142413344
321411313422232214645635645142642112567673217267  7    676357271545 6343757 272557165224252775 1623144753575551526215634415556513215255243312
5253342335135313656626254654412131622631113412544   412522543754276   45    752531425216576124 7746456435353163311623611555326612111121541344
353425523512455644344324164152456545434217223325246727725743273773667    476543541664725133535    3264654525124211454352262254665452342343252
4252552453354454562322624255454277542764465116451253333336265734868326878644446638114147267764457 6633531634332523152362252611564545334242544
5133353234454441251664463632342511164762513145672726157242487425453276784843864844328865637416555 5415244741352673243632315651114312543255252
1325514441456451562332524416361266235463746371737144372238466687748772557343252683678824247134333  623446125522642335514345252633421523244152
33221221331641663414134115354675116635667434463756722786538846535355663755434268436638425426225556  51625626712623223232355524434443455253353
432225514153622132146655553735657453466613677255723726384258483688885863225536867357463352434681666 65727767132731644362341242324165415451233
332423524314511561431355614716357715235447652174767342784763547224287263835872455245885258433278753    13572644477217755314136455513444352135
532515221624141115254564131726367237247272336258533842624566525685753863285676446626833757242656585255 46136171221454276352153651256112241345
534225351314561311612616664335175422726114646252675474456364732886372252844673373285487525455484327452    33753772321761111455254445626412311
251434245361315165313312752341534417375225428356788857853846486643736452637533874453425588867338728556525 63636751277737322625523633663154545
222554334314612556625645713217375562424752757585625742866546783658527473458865882432552765584326884764323 46325612612417411343421545612252115
544556512422243256153651265227637612152847558825856854853576563665648738463758363558354552853722623886754    37771625674473346224234246535122
234152341111462452615647744464661147536633473377477782632732672652467555856698624265353477223775348862874787 76526555526625154333462111531425
132145542122121216515224462375623324824488826673864654643424477674888454974367884373264543523278476678554534 55571276544676346135624453154545
545623544324311255357166235367743542775265656253232436286447555975984587389888469434962665852354222486665582  7265546756133335654615245541652
2113645546532223644645323472227113688777882863664847266755978934387357795687369564986365842523543383832232447   46352625663413313355114233663
455156254445432274373541237112117443735883376733246757384946766868765475989393495684594484426828785286862434826 55445555741722343444641536434
346634316413143673222564735653554475456772643564533995389563833964435739669844788646486337556886367655524773883    71131731123155435423214531
213121314542423345432251212412668744457485786244994589688596536569655649885496848686749447674856382422888244877556   366577111713253222253641
66314636254315236641213557572762438456744765443553866873946747348344787765588846376936963835354894268235222284483247   3564235267113355424414
6321532266461356172345321164287378327566656829335659849359768557779594366743644858687586648638796932334528326626223336  652264712335523656356
34265111624454277447145627642537727467572237634477545893648866938485699434634984375386563466796685937868655652568625764 757467645152664516426
63642414436615333636121416445434823663238549476559933333345788754856754443489353677535874564676597383537764276773346854  56225541711431261423
545534211331674745437214653765426684648379853663577785346977778776676745674878547656378748379699765453225573228463764434 76445274142122514325
143625361526125111775374266233437633283485734599344376985734665579668474959747489864933945849483756388383773324567528621    63617252566213523
663562656133334146473412727286725237846894646749899343836395398759455479447565787777348774676845956869948347375352485344626  4253647736664316
4534224566174624542476533724732423538666644398383895784977775868687899678644898779965588787558898387393555333752884687585471    2615623156241
1425535661764455533156485264237272238463867369666664498897686988548556457468799999777594754449465398949499555382245257821353564    1576112122
5444625151267735521443344237836734368845874484474836764875978569947485875946875485756478677778493797378447828248664465584443225235 5313462422
6352561255245747736318725267847256577447397439983363678554549687557585644759557579999565699477756379685454873835526868276462732173  356214336
12224362216421445641742482465552527585335837358767499769896446976949886886554557976856489996855689685789969476633563552874341331753  21224631
221365116134414544276563766326262897455534453333987489648947667694788444988956676659976684574493465744986978972484825478565113334177  6312351
6443116565553345724237727887358237335378597548835796775696978777489457459877887476649574494854685769343586936885633672563843473224236 6523142
4164162177412564423827228884444333598657983789869688889965464568477498695467567548768969578974486639649456953785724463472646477225721 6331324
2335323772367156136776345232535789983898379993995679875895549576676854585475978794798746474794977548485735649956333382752445574152513   76452
433516155665755361683668277556258643344365865467986588744564846658554985595759955645967786845997997438673656736362338837564373151274645 56363
213643153463327572667476774467778787596438974595884477676946456878679956759697954595759646966489946468959659889924826328822227726736414  2552
3416133513627243553545372828559973647943745895645644569468478589996899967976889977948798899555879555988584845794847755228756274446733472 3565
3215664645376616776723345638566973384867366677695747999967479766858589795597678788655678959697967675989759859484556732753222755354141136 6234
2441477762317727133286348333247847648967464749554665986676978775975657697555879658575984954566449786653663557643396247732485261476356326  514
46221666512233444648337286625456478556343899566568477677676956676587569976955977659988687964898884784696493346735568732642427634773757315 642
52257166456362646823748387756563596396445464648674876957596697757758979685757885875978859754944958475758696467746493686338572723141131374 213
63134662714676528344757838248563389747457454484866785666796695766959999799799956976786874575944895985594735345463772545753623766331442331  55
662247343243472256276573646563733358949698997597844865565555875887997898787599877678679595969898968577575348664947772283735244353141177375 21
53423232747457442255427262683335355365675759775848899587978975755577899696899588978688678945779769766566548959575488278784555668146762264  43
64646152253257454656386542746499838939785497678856855998558576657659567985855797899955985669576888766957965378456466355444776876321372725 326
26655664253543725567556445336593455989397876595969548779679655955679657965965675795675798856686555874959347743889374328458824527536217434 653
3343351311537636275436654534757646587366795495875996986889885595688698666665999595698779896954668856668483444495585382824322466665314435  112
2366212731337634567738263377895479737575468755946665868568999898658776667868656575957658869597685484558946456999738587576652837261362623 5274
5415457713474338367362586784835759557869967949648797775568779699869989877666789785668955677669675789897945973734673357634324522282334246 3475
62245711252172656656657384459959397383875588969884855958966959786866876778679897669895769565584646498756674343977569566768648375331163   4636
35414664626755338658872783644755869355678665568858896899785687799969767986869887659668986579869958769969965659339396535627732564844166 466334
15551555421116823768742858484585846668664945878989665656855657967876866878789968666655979768758478589655963643386975982283242274441326 445664
53562217363146355846677447353487858445868597464867776978866896689668998886679766898879955898668798774665576367953376933675365744334461  25644
262617331243366478277343554336856758385577766494766667777579887676797789798966899687696676896895549886456889333385735333858434547675155 45165
555265372227444563665467334466366898878495777985456889756778786867788899986776678669998656788668778555646543388897646542627664426756247  4154
6311367674477583866884667755798688936958595469579599899665796978886966889968679879879897595796577854754688458863394774455838645881413637 4455
2615571257455736866348432476374855493856947955859676577688578799667697687886989768678765978887885696565465338474936675366528872382323431 7337
2165627751366367776672772487675354478646497894497587589989756697999766978676677787859677799666944588896954854367964459475447267247375235  644
22572154532214722475858376448563375484687554849989678858769696666788968979866696997768675666889745589677697663444794743562666764545675756  21
111264431524128658778788763543376757479549974659765697958658668878786896966689876979757566789866898646568885699859534472673486676762451517 35
331132723647157327478367436575973465857676788884487798568596968898887676887978978969957967565778576469454477559737846572355767772133315132 51
51653235376461588673322227673748374465497565786796765568679558769669976889998997895855589686556445649844559549583545385546243658837543615  75
46756137256217467582386658965754979385579849594655768765667786777699968798679677698759857956986748466966674753834557344426486837532626141 665
36644223653331282355373685937566936988956999897859767668687895888788787766999976895758867757558999898875843785769573757883658388774155245 645
23475712736356227456723337947656479869985984794999787996757659899689789699869998997969956858859559944757764489349347853753573784851746635  66
135311222577145388747828426755463577837444576659869685776775977979987778768799695557667959557797968789474774856338899762448655838727766774 37
413224161434642424265375529697355589674857686864979778856986989799898678766688986695955795867466767849758863963764695564235687477325717466 75
225232476535663374532845786464645797596568557757994586576856955956769868888689559765869968664896965467696376958566835222574268532375243174  2
5265122713421715646577725334388884853835875794777845659578765565989887686686678898555575659777876897745933745986384967573787633652234456753 5
1461324151521213858473632533358483999784755556949556966755676598697797585889778958766676995565894747968448838785395644776264464511713754376 2
315153472222442376233847626839544975855568948789859578555759588565889598569955996859598977678887994866498455639745568273656622783557735255  2
553673644143261627285643824853555987339456879957586986676875565987765685987877757976976899656699654678547786797958957657245484645374315644 71
44534714575131654532538785463744586548486987447767967978558777897657785775698878796587698764598579584497595788496785383548637836435573363  36
34546322657112767626773438877495684469699555499566595995566998866596986585769955987859886847767789995643973876875997257526256883536223263 746
35531743274565134724838632279346743858384959994684868845699696589857987955687666598586757965586458894648677358477532555478473252151527154 731
2362345312211557485463825787754538747699579845666968777556879569688899758995659986758799897877475754956398599363766284786388868655467125  743
6522216672731313173375333724458853933645999464489895495495769599858679876798778786656697869869875769634493659656637636547863884765377233 5154
6114317411555442778263568354783534794645964767795769446758659599679776685888968979756569896474474974963675995984353852233452841651116776  244
41212411716635232138376436727249437597995886494586456797789857578656566656796856966978565694796496449954678897888475523244674227432271252  56
225565373253766544852253825637259756967849664554584588547674675498779588799967855878677896566565684875989694697838837368265332116431321543 56
235634312556641442754846635875678735345769344565944967964646848479854877998994868974499969498769497978955795387522885374454572416555243324  3
5553622562312134732387477628563275634535773883997646487648689979596865467646855576874474448444647864835335934872262222567547434342126722346 5
4231563733253155546364776333453333998978556537554964968547569746855866656674858847459479489468788453388988457458868455667743452155335241645 5
6143443213614361321545733287722236559675657798368649786496586579485644757785547746979747665796936959885835654825456738325373737761741161622  
33312223537262656641626738323273837834665796679883744674787855696844999669678899686767547595445783954993655882557567777522311267312332652665 
46134234111442363467232262636882588544595766974794996966678866498995975465868746456567956664598748988973454653458736732564121354244437531616 
2243666631231657647248344472373526875576575759594683599854865689698555458946668744687466964389556448547459777277573758527653525572354245611  
1426221646153641625367266358553863264385384437454557787744567656668684488469974997868945466836849493548747778278267268652371377611674536446 6
6515264555213423511377477823884627235868365333954987938675575569448947448968598448979549737344659976337949357482653733344656733655261355442 3
154554314351525145722765533658625342336468384883996376554689646777557985664495576655474779894637567533666354673355768355671132276471516435  6
63631625214576741223177765622646388536379474453756887444975978848467766896678686663385448586476398477764228334666825284541171341775723245  14
436265612462362776563726283657272233783767346337458565587737844749477785847676755884787677776344583659357374266654875864672112324673432   455
61513132524776612235663175238423256228576949474659396397458666383953963339646974793787574797954583658572674866572523322544136627546753  42461
24335541215326335124114156466887478224328653964775833693338987344977456956683538436399383936538748359585376343237223613231352375542445 532322
22556166162262227113732376564423523557645668454994756938799334578939396476947934443389536759437863976874543342634726227457361242322354 411266
662136122114136623563517733537678678778786242433689887583886359873889897686756773797489433894984686476876576283647473312375446567423   256451
113314361231665133764245634413475825482787674436735463683538985735986735687377835989695956993785883743873222454253457364734613323642 62254115
346664544153226562324461214227557547624233678785699467533475564467583949877653455379887749977572432364446724786226515115711356421415 43421542
313643636431213343262115354223558522764422647543673987679698468376933948637837959488489499466382835888288538763271574731142564524663  2651544
4536154361354162674264251312671763288838764867483642856793764364638348677744464586558634847762532863377376537571432721252272734352132 5363264
5352436566333531377662574676274373282283242267828222479863699535597855359883899565667496957426842476346233627523617527417113462666251  213161
32522143535535264131565473421562358564754387245638376344375788937698455399667679754537635772887552833358445726711227347711575641155322 445445
23152446534266233261132721167546621745242378877447234476425867577794959736594996596755534236552256473668344513671677236437744566656554 611354
14534554524642311522274725342736572637424253485262775425743382478863883435389624547234386757247857427543524323224424451327366261416262  54341
531222246252533133441662227144376613113682377634858475845774273726222542824858426752774733677754566485448574764531743514634434462456614 64554
145452154522416665611246343633346573137875452622267274732573688286832538465566722628257232786567827746484416222164257656622565161153324 32122
125254131231236151131271146464451475222116244682864586526577554377737387667664757484368866263874335778152447571253652476262535642352466  4531
5544214565522523622653323236241161137414234374486325683456367386572866547634436837635228538465426684412233432176735117615426455541616355  342
14452415214221533154622541636757556747243462565686772785842644242734833226723682378263565747775845472261624231745464725666513524244334242 511
35551441146162113666165336643416445541472531167665362266375247583837754852558764755552377345623287477273134342617765513515661416646445514 522
1512522224515364256154321636375141157471551776638742725657874226732576362823326358883773456332467564523637136254653344352624341546265243  545
4234241441232666535365512621252426472722317774211743248473638725434383274662587565487786445644322237561565344233454153235351443131314114 1121
423445341235611333243534651162476464333464274654312273536348383274847266228324235374327737713326757261223642735424261664332526365555143  5224
223225351253211522323554361151664463553346667341715561771375633688754746326688327634657244337364474731743654337241521165166354444555443 53354
321255313442553355145313632533256575435672324551223342314775688223272635382774634411555446432651475246561654341634621431225235532342111 32445
432351344513112114641332256662666111412635366422541653411277345522335551214446274624764735755136764324566261526643452615644345515131122  4151
4325255312245213443335466363216425323256736473745374346627343475527444277162235746232765573143331611273721224154641224311225263234425335  321
22145534135113434341365162431156634353663613135635454562263471437466773732651753637761637542234343153132642551163642424324426213312324233 253
13541451135452424432665321666424163655171142675166741471717147551635614756436327524163321515173743771441136556613222361535654533145244214 321
23211225553431212514422425614653423255464727513223175763656451757532372632577567375274533453551367537661526664345143644342324134521214425  22
311343332212452414431356351265113626115356133665336336313525376665257341713721534244363574421332122645631125434466424634532234441535254533 41
332133315355113335444416652265133142166314523744552132755573131314266337173525354221325444632515264533626564524415424325415343533245543455 13
142311332145454511234234465234213522361551543566542176473272155624466613641675357245522555766353415624162413633222243451432323351413241122  4
1123234412153245434351111134344444214623364652242654527733465736335763271762117223754612622746556313546216212622342612623333552111354125222 3
1244321414414155142445343132114331442114116132652453437426756354271354113416263737376675132531526465312634516215655263133143413143432235211 1
4121311414125442524113514432342431536153514514412616225122622147744533317344235247577136535243343156563224553445346215154332212523425112214  
44132221412511113555511415121322651113546424641533512263334155367711713142517167631352554154112211136523444645463312253422333234255554321343 
